tab = [117.746,-280.575,343.599,117.746,-280.575,343.599;
118.037,-280.882,343.397,117.869,-280.841,343.59;
118.305,-280.964,343.278,118.009,-281.15,343.58;
118.311,-281.425,343.374,118.124,-281.409,343.572;
118.209,-281.311,343.122,118.237,-281.671,343.565;
118.325,-281.741,343.095,118.385,-282.017,343.554;
118.41,-282.075,343.197,118.494,-282.277,343.547;
118.468,-282.269,343.142,118.6,-282.536,343.54;
118.722,-282.666,343.062,118.726,-282.849,343.532;
118.893,-282.83,342.967,118.826,-283.102,343.525;
119.199,-283.239,343.01,118.925,-283.357,343.518;
119.056,-283.588,343.376,119.044,-283.666,343.511;
118.974,-284.119,343.463,119.14,-283.927,343.504;
119.254,-284.109,343.353,119.234,-284.18,343.498;
119.367,-284.416,343.355,119.348,-284.497,343.491;
119.465,-284.655,343.334,119.439,-284.755,343.485;
119.519,-284.926,343.326,119.528,-285.01,343.48;
119.547,-285.249,343.315,119.635,-285.325,343.473;
119.714,-285.506,343.309,119.723,-285.583,343.468;
119.77,-285.763,343.269,119.809,-285.843,343.462;
119.807,-286.241,343.31,119.911,-286.156,343.456;
119.854,-286.514,343.279,119.993,-286.415,343.451;
119.988,-286.74,343.267,120.074,-286.671,343.446;
120.075,-287.025,343.25,120.17,-286.983,343.441;
120.221,-287.216,343.245,120.248,-287.237,343.436;
120.218,-287.477,343.214,120.324,-287.49,343.432;
120.306,-287.833,343.233,120.413,-287.796,343.427;
120.424,-288.093,343.212,120.487,-288.05,343.423;
120.485,-288.383,343.206,120.559,-288.305,343.419;
120.52,-288.773,343.206,120.651,-288.628,343.413;
120.605,-289.022,343.226,120.72,-288.882,343.41;
120.697,-289.285,343.218,120.791,-289.139,343.406;
120.771,-289.649,343.21,120.875,-289.459,343.402;
120.865,-289.907,343.194,120.953,-289.755,343.398;
120.849,-290.169,343.182,121.02,-290.01,343.394;
120.872,-290.471,343.147,121.099,-290.327,343.39;
120.948,-290.695,343.1,121.164,-290.584,343.387;
121.093,-290.908,343.127,121.228,-290.839,343.384;
121.141,-291.212,343.085,121.304,-291.153,343.38;
121.289,-291.488,343.063,121.365,-291.408,343.377;
121.323,-291.709,343.041,121.425,-291.662,343.375;
121.409,-292.04,343.011,121.499,-291.982,343.371;
121.483,-292.298,343.022,121.558,-292.238,343.369;
121.534,-292.621,343.005,121.616,-292.494,343.366;
121.638,-292.909,342.998,121.685,-292.804,343.363;
121.686,-293.169,342.998,121.743,-293.068,343.361;
121.739,-293.44,343.004,121.798,-293.319,343.358;
121.777,-293.758,342.996,121.864,-293.628,343.356;
121.841,-294.044,342.976,121.918,-293.89,343.354;
121.876,-294.372,342.994,121.972,-294.142,343.352;
121.998,-294.641,342.968,122.036,-294.452,343.349;
121.998,-294.937,342.984,122.087,-294.706,343.348;
122.106,-295.174,342.99,122.136,-294.957,343.346;
122.185,-295.507,342.984,122.198,-295.264,343.344;
122.208,-295.773,342.975,122.247,-295.513,343.342;
122.288,-296.088,343.006,122.295,-295.761,343.341;
122.345,-296.401,343.008,122.352,-296.07,343.339;
122.395,-296.63,343.013,122.399,-296.317,343.338;
122.504,-296.831,342.979,122.444,-296.56,343.336;
122.627,-296.985,342.977,122.502,-296.863,343.335;
122.697,-297.217,342.937,122.545,-297.104,343.334;
122.732,-297.473,342.939,122.595,-297.38,343.332;
122.68,-297.737,342.923,122.648,-297.683,343.331;
122.706,-297.934,342.932,122.691,-297.925,343.33;
122.838,-298.144,342.939,122.734,-298.165,343.329;
122.909,-298.406,342.922,122.788,-298.468,343.328;
122.928,-298.652,342.952,122.83,-298.719,343.327;
123.034,-298.975,343.053,122.871,-298.963,343.327;
123.019,-299.243,343.046,122.922,-299.271,343.326;
123.175,-299.503,343.088,122.964,-299.525,343.325;
123.206,-299.805,343.094,123.005,-299.768,343.325;
123.132,-300.125,343.14,123.055,-300.072,343.324;
123.126,-300.362,343.157,123.095,-300.314,343.323;
123.136,-300.644,343.19,123.136,-300.558,343.323;
123.167,-300.983,343.205,123.183,-300.859,343.323;
123.238,-301.239,343.227,123.219,-301.1,343.323;
123.287,-301.483,343.229,123.255,-301.34,343.324;
123.317,-301.801,343.248,123.302,-301.651,343.324;
123.386,-302.036,343.25,123.339,-301.892,343.325;
123.374,-302.348,343.305,123.376,-302.135,343.325;
123.422,-302.583,343.274,123.421,-302.433,343.325;
123.6,-302.593,343.176,123.458,-302.675,343.326;
123.551,-302.852,343.119,123.496,-302.918,343.326;
123.613,-303.204,343.18,123.541,-303.221,343.327;
123.617,-303.591,343.348,123.578,-303.463,343.327;
123.581,-303.767,343.245,123.616,-303.711,343.327;
123.645,-304.058,343.254,123.664,-304.026,343.328;
123.738,-304.241,343.256,123.703,-304.286,343.328;
123.739,-304.454,343.258,123.74,-304.527,343.328;
123.788,-304.667,343.218,123.791,-304.86,343.329;
123.844,-304.882,343.229,123.829,-305.109,343.329;
123.878,-305.145,343.249,123.866,-305.352,343.33;
123.945,-305.449,343.251,123.912,-305.658,343.33;
123.912,-305.679,343.251,123.949,-305.9,343.331;
123.984,-305.941,343.248,123.986,-306.145,343.331;
124.284,-306.055,342.999,124.034,-306.457,343.331;
124.277,-306.32,342.968,124.071,-306.701,343.332;
124.411,-306.77,342.944,124.109,-306.947,343.332;
124.547,-307.313,342.997,124.156,-307.253,343.332;
126.25,-306.82,342.488,124.193,-307.504,343.333;
124.639,-307.851,343.042,124.231,-307.75,343.333;
124.058,-308.029,343.163,124.277,-308.056,343.334;
124.192,-308.205,343.127,124.315,-308.303,343.334;
124.195,-308.398,343.113,124.353,-308.554,343.334;
124.372,-308.813,343.182,124.402,-308.877,343.335;
124.413,-309.079,343.198,124.44,-309.126,343.335;
124.465,-309.344,343.214,124.478,-309.377,343.336;
124.45,-309.669,343.192,124.525,-309.686,343.336;
124.475,-309.887,343.185,124.563,-309.933,343.336;
124.476,-310.134,343.199,124.601,-310.181,343.337;
124.594,-310.464,343.186,124.651,-310.499,343.338;
124.613,-310.729,343.161,124.691,-310.75,343.339;
124.648,-310.994,343.164,124.733,-311.002,343.34;
124.722,-311.303,343.16,124.781,-311.309,343.341;
124.77,-311.584,343.164,124.821,-311.553,343.342;
124.796,-311.828,343.152,124.861,-311.8,343.344;
124.83,-312.131,343.144,124.911,-312.104,343.345;
124.878,-312.342,343.145,124.953,-312.35,343.346;
124.902,-312.642,343.128,125.001,-312.632,343.347;
125.011,-312.966,343.142,125.055,-312.948,343.349;
125.035,-313.213,343.135,125.099,-313.204,343.35;
125.134,-313.507,343.136,125.143,-313.452,343.351;
125.13,-313.749,343.118,125.197,-313.755,343.353;
125.194,-314.029,343.118,125.241,-313.999,343.354;
125.225,-314.309,343.107,125.287,-314.254,343.355;
125.298,-314.678,343.106,125.344,-314.562,343.357;
125.286,-314.882,343.104,125.393,-314.816,343.358;
125.371,-315.124,343.093,125.44,-315.061,343.359;
125.425,-315.459,343.078,125.497,-315.364,343.361;
126.038,-315.917,342.519,125.547,-315.607,343.362;
126.105,-316.298,342.575,125.596,-315.852,343.363;
126.191,-316.5,342.481,125.657,-316.157,343.365;
126.243,-316.981,342.675,125.709,-316.4,343.366;
126.269,-317.2,342.697,125.761,-316.645,343.367;
126.367,-317.58,342.728,125.827,-316.952,343.369;
126.484,-318.028,342.762,125.882,-317.199,343.37;
126.658,-318.41,342.764,125.937,-317.447,343.371;
126.669,-318.681,342.901,126.007,-317.748,343.373;
126.134,-317.904,342.998,126.063,-317.994,343.375;
126.164,-318.173,342.983,126.123,-318.24,343.376;
126.936,-319.587,342.977,126.198,-318.547,343.377;
126.28,-318.9,343.004,126.266,-318.813,343.378;
126.507,-319.284,342.963,126.329,-319.063,343.38;
126.579,-319.571,342.974,126.408,-319.365,343.381;
126.537,-319.664,343.019,126.476,-319.614,343.383;
127.468,-320.569,342.713,126.542,-319.857,343.384;
127.097,-320.585,342.96,126.629,-320.163,343.385;
127.276,-320.949,342.942,126.711,-320.444,343.386;
127.46,-321.323,342.977,126.788,-320.699,343.387;
127.712,-321.656,342.964,126.88,-321.001,343.389;
127.36,-321.49,343.047,126.956,-321.241,343.39;
127.376,-321.677,343.038,127.037,-321.489,343.391;
127.141,-321.726,343.216,127.137,-321.789,343.392;
127.242,-321.986,343.228,127.219,-322.025,343.393;
127.375,-321.962,343.058,127.303,-322.263,343.394;
127.503,-322.289,343.101,127.409,-322.552,343.395;
127.518,-322.739,343.239,127.497,-322.787,343.396;
127.708,-322.791,343.136,127.589,-323.02,343.396;
